0

vertices.new_delta ==> [1, 0.3333333333333333, 2, [1, 2]]
vertices.new_delta ==> [2, 0.3333333333333333, 2, [1, 3]]
vertices.new_delta ==> [3, 0.3333333333333333, 1, [2]]

queue_out.pending ==> [0, 1, 1, 0.16666666666666666]
queue_out.pending ==> [0, 1, 2, 0.16666666666666666]
queue_out.pending ==> [0, 2, 1, 0.16666666666666666]
queue_out.pending ==> [0, 2, 3, 0.16666666666666666]
queue_out.pending ==> [0, 3, 2, 0.3333333333333333]

==================
1

vertices.pending ==> [1, 0.3333333333333333, 2, [1, 2], [[1, 0.16666666666666666], [2, 0.16666666666666666]]]
vertices.pending ==> [2, 0.3333333333333333, 2, [1, 3], [[1, 0.16666666666666666], [3, 0.3333333333333333]]]
vertices.pending ==> [3, 0.3333333333333333, 1, [2], [[2, 0.16666666666666666]]]

queue_out.pending ==> [0, 1, 1, 0.16666666666666666]
queue_out.pending ==> [0, 1, 2, 0.16666666666666666]
queue_out.pending ==> [0, 2, 1, 0.25]
queue_out.pending ==> [0, 2, 3, 0.25]
queue_out.pending ==> [0, 3, 2, 0.16666666666666666]

==================
2

vertices.pending ==> [1, 0.3333333333333333, 2, [1, 2], [[1, 0.16666666666666666], [2, 0.25]]]
vertices.pending ==> [2, 0.5, 2, [1, 3], [[1, 0.16666666666666666], [3, 0.16666666666666666]]]
vertices.pending ==> [3, 0.16666666666666666, 1, [2], [[2, 0.25]]]

queue_out.pending ==> [0, 1, 1, 0.20833333333333331]
queue_out.pending ==> [0, 1, 2, 0.20833333333333331]
queue_out.pending ==> [0, 2, 1, 0.16666666666666666]
queue_out.pending ==> [0, 2, 3, 0.16666666666666666]
queue_out.pending ==> [0, 3, 2, 0.25]

==================
3

vertices.pending ==> [1, 0.41666666666666663, 2, [1, 2], [[1, 0.20833333333333331], [2, 0.16666666666666666]]]
vertices.pending ==> [2, 0.3333333333333333, 2, [1, 3], [[1, 0.20833333333333331], [3, 0.25]]]
vertices.pending ==> [3, 0.25, 1, [2], [[2, 0.16666666666666666]]]

queue_out.pending ==> [0, 1, 1, 0.1875]
queue_out.pending ==> [0, 1, 2, 0.1875]
queue_out.pending ==> [0, 2, 1, 0.22916666666666666]
queue_out.pending ==> [0, 2, 3, 0.22916666666666666]
queue_out.pending ==> [0, 3, 2, 0.16666666666666666]

==================
4

vertices.pending ==> [1, 0.375, 2, [1, 2], [[1, 0.1875], [2, 0.22916666666666666]]]
vertices.pending ==> [2, 0.4583333333333333, 2, [1, 3], [[1, 0.1875], [3, 0.16666666666666666]]]
vertices.pending ==> [3, 0.16666666666666666, 1, [2], [[2, 0.22916666666666666]]]

queue_out.pending ==> [0, 1, 1, 0.20833333333333331]
queue_out.pending ==> [0, 1, 2, 0.20833333333333331]
queue_out.pending ==> [0, 2, 1, 0.17708333333333331]
queue_out.pending ==> [0, 2, 3, 0.17708333333333331]
queue_out.pending ==> [0, 3, 2, 0.22916666666666666]

==================
5

vertices.pending ==> [1, 0.41666666666666663, 2, [1, 2], [[1, 0.20833333333333331], [2, 0.17708333333333331]]]
vertices.pending ==> [2, 0.35416666666666663, 2, [1, 3], [[1, 0.20833333333333331], [3, 0.22916666666666666]]]
vertices.pending ==> [3, 0.22916666666666666, 1, [2], [[2, 0.17708333333333331]]]

queue_out.pending ==> [0, 1, 1, 0.19270833333333331]
queue_out.pending ==> [0, 1, 2, 0.19270833333333331]
queue_out.pending ==> [0, 2, 1, 0.21875]
queue_out.pending ==> [0, 2, 3, 0.21875]
queue_out.pending ==> [0, 3, 2, 0.17708333333333331]

==================
6

vertices.pending ==> [1, 0.38541666666666663, 2, [1, 2], [[1, 0.19270833333333331], [2, 0.21875]]]
vertices.pending ==> [2, 0.4375, 2, [1, 3], [[1, 0.19270833333333331], [3, 0.17708333333333331]]]
vertices.pending ==> [3, 0.17708333333333331, 1, [2], [[2, 0.21875]]]

queue_out.pending ==> [0, 1, 1, 0.20572916666666666]
queue_out.pending ==> [0, 1, 2, 0.20572916666666666]
queue_out.pending ==> [0, 2, 1, 0.18489583333333331]
queue_out.pending ==> [0, 2, 3, 0.18489583333333331]
queue_out.pending ==> [0, 3, 2, 0.21875]

==================
7

vertices.pending ==> [1, 0.4114583333333333, 2, [1, 2], [[1, 0.20572916666666666], [2, 0.18489583333333331]]]
vertices.pending ==> [2, 0.36979166666666663, 2, [1, 3], [[1, 0.20572916666666666], [3, 0.21875]]]
vertices.pending ==> [3, 0.21875, 1, [2], [[2, 0.18489583333333331]]]

queue_out.pending ==> [0, 1, 1, 0.1953125]
queue_out.pending ==> [0, 1, 2, 0.1953125]
queue_out.pending ==> [0, 2, 1, 0.21223958333333331]
queue_out.pending ==> [0, 2, 3, 0.21223958333333331]
queue_out.pending ==> [0, 3, 2, 0.18489583333333331]

==================
8
vertices.pending ==> [1, 0.390625, 2, [1, 2], [[1, 0.1953125], [2, 0.21223958333333331]]]
vertices.pending ==> [2, 0.42447916666666663, 2, [1, 3], [[1, 0.1953125], [3, 0.18489583333333331]]]
vertices.pending ==> [3, 0.18489583333333331, 1, [2], [[2, 0.21223958333333331]]]

queue_out.pending ==> [0, 1, 1, 0.20377604166666666]
queue_out.pending ==> [0, 1, 2, 0.20377604166666666]
queue_out.pending ==> [0, 2, 1, 0.19010416666666666]
queue_out.pending ==> [0, 2, 3, 0.19010416666666666]
queue_out.pending ==> [0, 3, 2, 0.21223958333333331]

==================
9

vertices.pending ==> [1, 0.4075520833333333, 2, [1, 2], [[1, 0.20377604166666666], [2, 0.19010416666666666]]]
vertices.pending ==> [2, 0.3802083333333333, 2, [1, 3], [[1, 0.20377604166666666], [3, 0.21223958333333331]]]
vertices.pending ==> [3, 0.21223958333333331, 1, [2], [[2, 0.19010416666666666]]]

queue_out.pending ==> [0, 1, 1, 0.19694010416666666]
queue_out.pending ==> [0, 1, 2, 0.19694010416666666]
queue_out.pending ==> [0, 2, 1, 0.2080078125]
queue_out.pending ==> [0, 2, 3, 0.2080078125]
queue_out.pending ==> [0, 3, 2, 0.19010416666666666]

==================
10

vertices.pending ==> [1, 0.3938802083333333, 2, [1, 2], [[1, 0.19694010416666666], [2, 0.2080078125]]]
vertices.pending ==> [2, 0.416015625, 2, [1, 3], [[1, 0.19694010416666666], [3, 0.19010416666666666]]]
vertices.pending ==> [3, 0.19010416666666666, 1, [2], [[2, 0.2080078125]]]

queue_out.pending ==> [0, 1, 1, 0.20247395833333331]
queue_out.pending ==> [0, 1, 2, 0.20247395833333331]
queue_out.pending ==> [0, 2, 1, 0.19352213541666666]
queue_out.pending ==> [0, 2, 3, 0.19352213541666666]
queue_out.pending ==> [0, 3, 2, 0.2080078125]

==================
11

vertices.pending ==> [1, 0.40494791666666663, 2, [1, 2], [[1, 0.20247395833333331], [2, 0.19352213541666666]]]
vertices.pending ==> [2, 0.3870442708333333, 2, [1, 3], [[1, 0.20247395833333331], [3, 0.2080078125]]]
vertices.pending ==> [3, 0.2080078125, 1, [2], [[2, 0.19352213541666666]]]

queue_out.pending ==> [0, 1, 1, 0.197998046875]
queue_out.pending ==> [0, 1, 2, 0.197998046875]
queue_out.pending ==> [0, 2, 1, 0.20524088541666666]
queue_out.pending ==> [0, 2, 3, 0.20524088541666666]
queue_out.pending ==> [0, 3, 2, 0.19352213541666666]

==================
12

vertices.pending ==> [1, 0.39599609375, 2, [1, 2], [[1, 0.197998046875], [2, 0.20524088541666666]]]
vertices.pending ==> [2, 0.4104817708333333, 2, [1, 3], [[1, 0.197998046875], [3, 0.19352213541666666]]]
vertices.pending ==> [3, 0.19352213541666666, 1, [2], [[2, 0.20524088541666666]]]

queue_out.pending ==> [0, 1, 1, 0.20161946614583331]
queue_out.pending ==> [0, 1, 2, 0.20161946614583331]
queue_out.pending ==> [0, 2, 1, 0.19576009114583331]
queue_out.pending ==> [0, 2, 3, 0.19576009114583331]
queue_out.pending ==> [0, 3, 2, 0.20524088541666666]

==================
13

vertices.pending ==> [1, 0.40323893229166663, 2, [1, 2], [[1, 0.20161946614583331], [2, 0.19576009114583331]]]
vertices.pending ==> [2, 0.39152018229166663, 2, [1, 3], [[1, 0.20161946614583331], [3, 0.20524088541666666]]]
vertices.pending ==> [3, 0.20524088541666666, 1, [2], [[2, 0.19576009114583331]]]

queue_out.pending ==> [0, 1, 1, 0.19868977864583331]
queue_out.pending ==> [0, 1, 2, 0.19868977864583331]
queue_out.pending ==> [0, 2, 1, 0.20343017578125]
queue_out.pending ==> [0, 2, 3, 0.20343017578125]
queue_out.pending ==> [0, 3, 2, 0.19576009114583331]




